[LEFT_CAM_2K]
fx=1399.9
fy=1399.9
cx=1085.05
cy=681.634
k1=-0.170861
k2=0.0241361

[RIGHT_CAM_2K]
fx=1400.08
fy=1400.08
cx=1164.45
cy=625.469
k1=-0.170706
k2=0.0242938

[LEFT_CAM_FHD]
fx=1399.9
fy=1399.9
cx=941.051
cy=600.634
k1=-0.170861
k2=0.0241361

[RIGHT_CAM_FHD]
fx=1400.08
fy=1400.08
cx=1020.45
cy=544.469
k1=-0.170706
k2=0.0242938

[LEFT_CAM_HD]
fx=699.948
fy=699.948
cx=629.026
cy=388.817
k1=-0.170861
k2=0.0241361

[RIGHT_CAM_HD]
fx=700.039
fy=700.039
cx=668.725
cy=360.735
k1=-0.170706
k2=0.0242938

[LEFT_CAM_VGA]
fx=349.974
fy=349.974
cx=330.013
cy=201.909
k1=-0.170861
k2=0.0241361

[RIGHT_CAM_VGA]
fx=350.02
fy=350.02
cx=349.862
cy=187.867
k1=-0.170706
k2=0.0242938

[STEREO]
Baseline=120
CV_2K=0.0104091
CV_FHD=0.0104091
CV_HD=0.0104091
CV_VGA=0.0104091
RX_2K=-0.000992789
RX_FHD=-0.000992789
RX_HD=-0.000992789
RX_VGA=-0.000992789
RZ_2K=0.00242279
RZ_FHD=0.00242279
RZ_HD=0.00242279
RZ_VGA=0.00242279



