# oST version 5.0 parameters


[image]

width
640

height
480

[narrow_stereo]

camera matrix
319.252440 0.000000 346.755818
0.000000 310.870836 218.239213
0.000000 0.000000 1.000000

distortion
-0.000018 -0.017139 -0.001330 0.000363 0.000000

rectification
1.000000 0.000000 0.000000
0.000000 1.000000 0.000000
0.000000 0.000000 1.000000

projection
312.583740 0.000000 349.416463 0.000000
0.000000 308.480927 216.900247 0.000000
0.000000 0.000000 1.000000 0.000000

